.49
9999538|44469.22
9999539|92287.71
9999540|12332.79
9999541|82856.62
9999542|23480.46
9999543|26320.17
9999544|22110.42
9999545|40085.34
9999546|32633.13
9999547|21666.23
9999548|36618.44
9999549|33632.28
9999550|43263.41
9999551|97803.54
9999552|48554.57
9999553|34145.74
9999554|90846.85
9999555|68936.73
9999556|1339.43
9999557|54089.06
9999558|16750.17
9999559|84909.85
9999560|68479.51
9999561|77095.74
9999562|87641.32
9999563|65489.02
9999564|68575.14
9999565|16804.68
9999566|14789.11
9999567|6532.67
9999568|50747.08
9999569|96229.14
9999570|20553.92
9999571|61543.18
9999572|10242.50
9999573|63649.20
9999574|24305.60
9999575|27147.67
9999576|18989.21
9999577|86034.80
9999578|45055.52
9999579|85990.36
9999580|80867.61
9999581|86050.71
9999582|43055.16
9999583|85588.78
9999584|46455.67
9999585|13629.87
9999586|47631.97
9999587|56624.52
9999588|47016.83
9999589|68129.14
9999590|43523.25
9999591|99233.60
9999592|32507.67
9999593|12112.24
9999594|12991.32
9999595|90765.48
9999596|23351.85
9999597|42734.50
9999598|55954.19
9999599|93567.30
9999600|10755.53
9999601|11783.74
9999602|35427.50
9999603|66274.95
9999604|65337.25
9999605|10365.22
9999606|20528.60
9999607|7147.89
9999608|38824.18
9999609|59264.73
9999610|24307.76
9999611|82957.01
9999612|68586.98
9999613|70987.02
9999614|58681.05
9999615|21946.93
9999616|19776.84
9999617|74511.37
9999618|53718.48
9999619|74360.37
9999620|24840.37
9999621|18740.79
9999622|13561.18
9999623|69096.60
9999624|5159.43
9999625|95711.24
9999626|6236.89
9999627|19954.17
9999628|84595.09
9999629|49529.99
9999630|9622.03
9999631|60022.29
9999632|29703.22
9999633|62079.71
9999634|60847.04
9999635|7712.63
9999636|76370.56
9999637|31512.19
9999638|81368.87
9999639|92956.43
9999640|27660.15
9999641|84532.63
9999642|75009.69
9999643|97076.11
9999644|32611.40
9999645|88481.99
9999646|21226.24
9999647|84856.91
9999648|80776.44
9999649|54267.75
9999650|10847.51
9999651|32315.08
9999652|72239.26
9999653|46123.10
9999654|96572.46
9999655|78708.75
9999656|47911.89
9999657|39224.49
9999658|55492.13
9999659|56270.52
9999660|89836.69
9999661|91184.91
9999662|85886.33
9999663|76214.35
9999664|26297.37
9999665|18436.46
9999666|85569.60
9999667|74498.24
9999668|1476.46
9999669|93516.05
9999670|84057.41
9999671|45884.95
9999672|94435.13
9999673|4275.24
9999674|25809.57
9999675|19797.55
9999676|97191.86
9999677|41016.59
9999678|26820.36
9999679|56505.70
9999680|86636.19
9999681|2590.03
9999682|51817.95
9999683|67130.90
9999684|50084.47
9999685|37457.17
9999686|84343.94
9999687|86010.98
9999688|49199.60
9999689|60727.47
9999690|86972.32
9999691|48929.90
9999692|32075.90
9999693|13206.73
9999694|73946.02
9999695|55728.25
9999696|28232.82
9999697|53448.35
9999698|43471.79
9999699|20806.28
9999700|86294.99
9999701|98842.26
9999702|41967.30
9999703|40041.19
9999704|39114.86
9999705|56740.54
9999706|57512.56
9999707|27635.20
9999708|6113.00
9999709|11652.06
9999710|64764.02
9999711|1409.42
9999712|67596.65
9999713|59508.72
9999714|68619.00
9999715|20043.57
9999716|70815.28
9999717|5024.07
9999718|18861.34
9999719|808.37
9999720|52543.12
9999721|63165.42
9999722|93103.41
9999723|71276.66
9999724|87913.92
9999725|30735.72
9999726|70233.78
9999727|33543.92
9999728|317.50
9999729|19111.81
9999730|41680.28
9999731|44468.71
9999732|92095.78
9999733|64121.81
9999734|32733.27
9999735|40458.06
9999736|80803.34
9999737|54103.79
9999738|31199.28
9999739|60294.92
9999740|50823.67
9999741|42142.94
9999742|45653.34
9999743|44538.27
9999744|55068.79
9999745|33513.89
9999746|40545.68
9999747|15013.34
9999748|26567.81
9999749|64337.96
9999750|20441.77
9999751|62895.12
9999752|84671.54
9999753|12478.39
9999754|60655.55
9999755|98906.19
9999756|45678.39
9999757|6673.94
9999758|6539.55
9999759|44153.41
9999760|72605.03
9999761|24945.30
9999762|88694.34
9999763|65102.08
9999764|23907.58
9999765|98277.26
9999766|26378.22
9999767|81219.57
9999768|85885.37
9999769|60598.59
9999770|16360.33
9999771|98793.62
9999772|98559.47
9999773|11066.08
9999774|29503.48
9999775|49443.67
9999776|9773.49
9999777|79684.17
9999778|62332.41
9999779|36845.01
9999780|17290.51
9999781|12262.04
9999782|15847.29
9999783|20173.61
9999784|83648.98
9999785|15725.26
9999786|98864.66
9999787|87793.93
9999788|33545.96
9999789|29806.29
9999790|78135.10
9999791|99698.96
9999792|68511.20
9999793|16120.39
9999794|22513.37
9999795|2230.45
9999796|58638.72
9999797|80649.73
9999798|13441.72
9999799|43580.97
9999800|96136.06
9999801|70640.85
9999802|19010.81
9999803|43590.27
9999804|20469.23
9999805|11948.69
9999806|53876.20
9999807|96383.21
9999808|49855.10
9999809|77816.81
9999810|72274.45
9999811|9314.94
9999812|78881.78
9999813|5143.64
9999814|66421.40
9999815|6784.43
9999816|26996.18
9999817|99210.76
9999818|67560.93
9999819|52411.39
9999820|47667.82
9999821|92929.53
9999822|71902.56
9999823|68083.03
9999824|32943.53
9999825|51583.75
9999826|38758.42
9999827|53412.49
9999828|73203.74
9999829|39117.01
9999830|33098.60
9999831|34095.69
9999832|56855.38
9999833|86953.89
9999834|9823.88
9999835|92709.95
9999836|19737.61
9999837|31386.34
9999838|62001.37
9999839|60443.70
9999840|79015.94
9999841|10540.68
9999842|80349.53
9999843|73291.10
9999844|11304.41
9999845|36927.24
9999846|96208.60
9999847|21228.39
9999848|59821.99
9999849|86606.53
9999850|5288.36
9999851|43863.20
9999852|80293.21
9999853|70973.32
9999854|94453.91
9999855|51107.31
9999856|60422.80
9999857|82183.21
9999858|18798.77
9999859|72363.50
9999860|72648.85
9999861|28228.50
9999862|1291.42
9999863|62745.44
9999864|44988.69
9999865|98691.43
9999866|52249.26
9999867|19863.84
9999868|59713.58
9999869|27176.03
9999870|30906.47
9999871|89666.22
9999872|14628.86
9999873|41450.32
9999874|96350.33
9999875|64870.12
9999876|6718.17
9999877|17292.46
9999878|20075.91
9999879|4495.59
9999880|22940.89
9999881|77080.14
9999882|57436.28
9999883|28005.15
9999884|47900.96
9999885|99131.26
9999886|259.53
9999887|62589.77
9999888|23212.56
9999889|28791.79
9999890|57877.37
9999891|47083.41
9999892|18273.50
9999893|7321.34
9999894|38849.04
9999895|21057.21
9999896|97253.26
9999897|59565.62
9999898|30643.79
9999899|52580.33
9999900|92032.97
9999901|6437.21
9999902|99537.18
9999903|83174.15
9999904|15874.76
9999905|93229.98
9999906|58003.99
9999907|93488.28
9999908|77599.30
9999909|49768.16
9999910|71844.43
9999911|18183.40
9999912|81003.58
9999913|23419.09
9999914|4359.91
9999915|63567.18
9999916|19315.04
9999917|50977.90
9999918|19774.78
9999919|6487.69
9999920|99440.68
9999921|60432.73
9999922|93235.46
9999923|77981.87
9999924|55763.87
9999925|18649.33
9999926|99615.15
9999927|60235.28
9999928|38264.81
9999929|65968.10
9999930|78393.93
9999931|50326.96
9999932|84740.00
9999933|3732.80
9999934|96886.88
9999935|69297.18
9999936|11863.11
9999937|25773.63
9999938|59094.71
9999939|20056.56
9999940|84867.08
9999941|9864.40
9999942|32414.80
9999943|22629.55
9999944|50619.44
9999945|10154.90
9999946|89505.86
9999947|80285.48
9999948|43836.05
9999949|16598.78
9999950|87557.44
9999951|55028.68
9999952|1227.88
9999953|72404.48
9999954|32238.06
9999955|55998.22
9999956|43305.45
9999957|65509.07
9999958|98572.78
9999959|69279.30
9999960|8657.04
9999961|35102.01
9999962|6036.33
9999963|82635.52
9999964|50424.81
9999965|59201.23
9999966|70114.18
9999967|83692.36
9999968|29754.51
9999969|14316.01
9999970|77597.21
9999971|35077.68
9999972|66011.35
9999973|23195.52
9999974|57881.83
9999975|55032.10
9999976|28482.11
9999977|31686.08
9999978|47537.68
9999979|57020.43
9999980|79366.79
9999981|80715.47
9999982|70404.32
9999983|26834.73
9999984|2806.25
9999985|64408.82
9999986|80498.49
9999987|40735.55
9999988|79720.55
9999989|90362.91
9999990|39967.85
9999991|53115.29
9999992|93215.15
9999993|83097.00
9999994|29394.33
9999995|7228.03
9999996|74329.99
9999997|96678.45
9999998|12678.46
9999999|47473.11
10000000|22887.19
