99724|46582.39
9999725|6743.03
9999726|43092.49
9999727|82119.17
9999728|97668.61
9999729|75749.53
9999730|1976.26
9999731|32875.46
9999732|31369.70
9999733|84400.21
9999734|95506.55
9999735|52817.66
9999736|10255.79
9999737|10239.44
9999738|95115.58
9999739|53347.06
9999740|78597.47
9999741|64875.09
9999742|50364.65
9999743|64134.35
9999744|33412.11
9999745|10142.04
9999746|62133.88
9999747|10062.28
9999748|42880.63
9999749|2959.91
9999750|42448.48
9999751|34271.78
9999752|96893.68
9999753|9942.21
9999754|58197.90
9999755|20827.96
9999756|99504.44
9999757|57748.21
9999758|81009.93
9999759|95507.19
9999760|38049.59
9999761|10189.95
9999762|90550.69
9999763|8243.12
9999764|88690.19
9999765|88130.49
9999766|3513.20
9999767|25722.56
9999768|43166.49
9999769|73176.21
9999770|25566.70
9999771|87668.27
9999772|66499.86
9999773|61167.51
9999774|48514.09
9999775|5311.35
9999776|20437.44
9999777|56513.69
9999778|39953.21
9999779|5574.66
9999780|12383.21
9999781|23355.51
9999782|97676.72
9999783|49481.37
9999784|54586.45
9999785|34593.78
9999786|66092.72
9999787|78299.87
9999788|43367.94
9999789|84786.08
9999790|36935.57
9999791|65950.27
9999792|93120.28
9999793|57941.35
9999794|81516.52
9999795|81181.43
9999796|84885.22
9999797|66201.00
9999798|86795.90
9999799|88030.28
9999800|14231.89
9999801|461.79
9999802|92531.24
9999803|38091.72
9999804|48240.25
9999805|58919.61
9999806|51776.42
9999807|33100.52
9999808|26332.21
9999809|44570.88
9999810|61983.72
9999811|61352.87
9999812|64721.27
9999813|47679.27
9999814|38990.50
9999815|36471.55
9999816|49243.54
9999817|54225.90
9999818|31152.67
9999819|92047.01
9999820|26348.56
9999821|46354.29
9999822|95869.44
9999823|10647.52
9999824|27003.25
9999825|85837.58
9999826|85803.74
9999827|90727.50
9999828|83268.90
9999829|96563.95
9999830|17024.46
9999831|79963.51
9999832|22338.12
9999833|87078.23
9999834|16365.42
9999835|28495.50
9999836|47779.99
9999837|79176.01
9999838|70252.62
9999839|40631.50
9999840|42759.00
9999841|33580.82
9999842|22258.26
9999843|28494.50
9999844|55009.41
9999845|88703.27
9999846|91678.48
9999847|96162.56
9999848|48307.14
9999849|53522.15
9999850|10355.99
9999851|7779.20
9999852|30226.42
9999853|20579.72
9999854|46.80
9999855|18187.64
9999856|90932.68
9999857|90110.99
9999858|37589.95
9999859|69577.41
9999860|12788.40
9999861|21340.60
9999862|80135.81
9999863|82667.54
9999864|35521.03
9999865|51942.39
9999866|47703.37
9999867|95948.21
9999868|86742.12
9999869|51683.12
9999870|85337.63
9999871|31488.55
9999872|12559.27
9999873|1273.77
9999874|52129.00
9999875|90825.16
9999876|68059.54
9999877|12426.18
9999878|9355.27
9999879|9457.26
9999880|52434.43
9999881|30163.39
9999882|5021.61
9999883|23452.83
9999884|98501.62
9999885|83351.57
9999886|77055.70
9999887|26681.96
9999888|51386.95
9999889|74519.52
9999890|22425.81
9999891|22209.29
9999892|96146.53
9999893|24941.25
9999894|4454.57
9999895|96337.33
9999896|19087.80
9999897|16025.90
9999898|95581.71
9999899|68830.98
9999900|12541.90
9999901|93006.20
9999902|77849.98
9999903|97836.63
9999904|57875.88
9999905|21967.07
9999906|48377.99
9999907|43010.49
9999908|46496.45
9999909|16204.23
9999910|2086.87
9999911|15374.20
9999912|23613.19
9999913|72944.83
9999914|88939.72
9999915|67403.80
9999916|64527.73
9999917|86445.38
9999918|67971.50
9999919|1880.54
9999920|18206.09
9999921|28473.66
9999922|5359.62
9999923|3012.33
9999924|77929.20
9999925|12194.32
9999926|88819.54
9999927|18343.52
9999928|63740.41
9999929|80481.29
9999930|55569.10
9999931|44965.52
9999932|26499.36
9999933|84658.32
9999934|56149.25
9999935|98544.36
9999936|8280.70
9999937|44694.16
9999938|1350.68
9999939|68690.23
9999940|18894.33
9999941|6867.25
9999942|64514.25
9999943|89166.65
9999944|13293.27
9999945|39908.03
9999946|36488.30
9999947|76472.61
9999948|79630.38
9999949|35644.05
9999950|55474.39
9999951|15303.11
9999952|72725.37
9999953|5157.54
9999954|59064.85
9999955|94406.79
9999956|52724.99
9999957|86469.33
9999958|30707.24
9999959|21354.50
9999960|13703.21
9999961|4772.94
9999962|37888.69
9999963|69739.13
9999964|11977.85
9999965|51226.47
9999966|84270.64
9999967|37314.12
9999968|28898.04
9999969|71324.61
9999970|23077.44
9999971|18599.21
9999972|27891.28
9999973|78853.72
9999974|3984.88
9999975|20449.58
9999976|90506.12
9999977|36466.96
9999978|50764.62
9999979|74124.38
9999980|41237.73
9999981|68869.87
9999982|91979.96
9999983|22363.17
9999984|95891.81
9999985|99658.96
9999986|91959.66
9999987|84973.09
9999988|93255.68
9999989|27800.97
9999990|54361.46
9999991|31463.36
9999992|94849.42
9999993|84790.13
9999994|95542.76
9999995|14228.75
9999996|62500.51
9999997|38494.53
9999998|10037.49
9999999|40801.02
10000000|48532.24
